000000000000321000000000000000000000000000000000000000000000006540000000000000000000000000000000001
100000000000321000000000000000000000000000000000000000000000006540000000000000000000000000000000002
200000000000321000000000000000000000000000000000000000000000006540000000000000000000000000000000003
300000000000321000000000000000000000000000000000000000000000006540000000000000000000000000000000004
300000000000321000000000000000000000000000000000000000000000006540000000000000000000000000000000004
300000000000321000000000000000000000000000000000000000000000006540000000000000000000000000000000004
300000000000321000000000000000000000000000000000000000000000006540000000000000000000000000000000004
300000000000321000000000000000000000000000000000000000000000006540000000000000000000000000000000004
300000000000321000000000000000000000000000000000000000000000006540000000000000000000000000000000004
300000000000321000000000000000000000000000000000000000000000006540000000000000000000000000000000004
300000000000321000000000000000000000000000000000000000000000006540000000000000000000000000000000004
300000000000321000000000000000000000000000000000000000000000006540000000000000000000000000000000004