000000000000321000000000000000000000000000000000000000000000006540000000000000000000000000000000000
001000000000321000000000000000000000000000000000000000000000006540000000000000000000000000000000002
010000000000321000000000000000000000000000000000000000000000006540000000000000000000000000000000003
300000000000321000000000000000000000000000000000000000000000006540000000000000000000000000000000004
900000000000321000000000000000000000000000000000000000000000006540000000000000000000000000000000004
800000000000321000000000000000000000000000000000000000000000006540000000000000000000000000000000004
700000000000321000000000000000000000000000000000000000000000006540000000000000000000000000000000004
500000000000321000000000000000000000000000000000000000000000006540000000000000000000000000000000004
300000000000321000000000000000000000000000000000000000000000006540000000000000000000000000000000004
300000000000321000000000000000000000000000000000000000000000006540000000000000000000000000000000004
300000000000321000000000000000000000000000000000000000000000006540000000000000000000000000000000004
900000000000321000000000000000000000000000000000000000000000006540000000000000000000000000000000004